%YAML:1.0
---
rotation: !!opencv-matrix
   rows: 3
   cols: 3
   dt: d
   data: [ 9.9983073629955965e-01, -5.7822156743006182e-03,
       -1.7466102386518651e-02, 5.9736668340282786e-03,
       9.9992243217498622e-01, 1.0929086778690920e-02,
       1.7401553242067529e-02, -1.1031573557566407e-02,
       9.9978772263396365e-01 ]
translation: !!opencv-matrix
   rows: 3
   cols: 1
   dt: d
   data: [ -4.3073587549278522e-02, 7.9672438737410402e-03,
       7.0745346783487040e-02 ]
essential: !!opencv-matrix
   rows: 3
   cols: 3
   dt: d
   data: [ -2.8396671328090458e-04, -7.0827750457651439e-02,
       7.1923705740116412e-03, 7.1482919491367161e-02,
       -8.8423430249345413e-04, 4.1828798531277668e-02,
       -8.2232025699263984e-03, -4.3024178102369061e-02,
       -3.3159827895848121e-04 ]
fundamental: !!opencv-matrix
   rows: 3
   cols: 3
   dt: d
   data: [ 9.0322447363262639e-08, 2.2667173222704194e-05,
       -5.6694754472343669e-03, -2.2858273811211701e-05,
       2.8449468745687002e-07, 1.3413095971296746e-03,
       1.4452437512463343e-02, -7.5758997768421744e-03, 1. ]
