%YAML:1.0
---
cameraMatrix: !!opencv-matrix
   rows: 3
   cols: 3
   dt: d
   data: [ 3.2897432454878316e+02, 0., 2.5386848774761387e+02, 0.,
       3.2696129944076489e+02, 2.1590467659671029e+02, 0., 0., 1. ]
distortionCoefficients: !!opencv-matrix
   rows: 1
   cols: 5
   dt: d
   data: [ 8.8085309675397266e-02, -3.1903546761921869e-01,
       3.1091511550489239e-03, 2.3710841794867279e-03,
       1.6917798465318973e-01 ]
rotation: !!opencv-matrix
   rows: 3
   cols: 3
   dt: d
   data: [ 1., 0., 0., 0., 1., 0., 0., 0., 1. ]
projection: !!opencv-matrix
   rows: 4
   cols: 4
   dt: d
   data: [ 3.2897432454878316e+02, 0., 2.5386848774761387e+02, 0., 0.,
       3.2696129944076489e+02, 2.1590467659671029e+02, 0., 0., 0., 1.,
       0., 0., 0., 0., 1. ]
