%YAML:1.0
---
cameraMatrix: !!opencv-matrix
   rows: 3
   cols: 3
   dt: d
   data: [ 1.0407027924237314e+03, 0., 9.5990777962781794e+02, 0.,
       1.0351751372437252e+03, 5.1697208769942472e+02, 0., 0., 1. ]
distortionCoefficients: !!opencv-matrix
   rows: 1
   cols: 5
   dt: d
   data: [ -1.8679576032027440e-02, 3.2913392868033758e-01,
       -1.4410888304747197e-04, 9.7752288273016651e-04,
       -7.1501729690288285e-01 ]
rotation: !!opencv-matrix
   rows: 3
   cols: 3
   dt: d
   data: [ 1., 0., 0., 0., 1., 0., 0., 0., 1. ]
projection: !!opencv-matrix
   rows: 4
   cols: 4
   dt: d
   data: [ 1.0407027924237314e+03, 0., 9.5990777962781794e+02, 0., 0.,
       1.0351751372437252e+03, 5.1697208769942472e+02, 0., 0., 0., 1.,
       0., 0., 0., 0., 1. ]
