%YAML:1.0
---
depthShift: -7.6905879033352804e+01
