%YAML:1.0
---
cameraMatrix: !!opencv-matrix
   rows: 3
   cols: 3
   dt: d
   data: [ 1.0623699013710047e+03, 0., 9.5609452037401991e+02, 0.,
       1.0585345865812776e+03, 5.1521180929814227e+02, 0., 0., 1. ]
distortionCoefficients: !!opencv-matrix
   rows: 1
   cols: 5
   dt: d
   data: [ 4.6782781953432717e-02, -3.9145563320551191e-02,
       -1.0858650797838607e-04, 4.3238007572992968e-05,
       -8.8506674778584555e-03 ]
rotation: !!opencv-matrix
   rows: 3
   cols: 3
   dt: d
   data: [ 1., 0., 0., 0., 1., 0., 0., 0., 1. ]
projection: !!opencv-matrix
   rows: 4
   cols: 4
   dt: d
   data: [ 1.0623699013710047e+03, 0., 9.5609452037401991e+02, 0., 0.,
       1.0585345865812776e+03, 5.1521180929814227e+02, 0., 0., 0., 1.,
       0., 0., 0., 0., 1. ]
