%YAML:1.0
---
rotation: !!opencv-matrix
   rows: 3
   cols: 3
   dt: d
   data: [ 9.9956315597596967e-01, -9.4135533375834315e-03,
       -2.8015749658357385e-02, 9.5158933310917557e-03,
       9.9994852080220353e-01, 3.5218630859706916e-03,
       2.7981154184031857e-02, -3.7869194664676203e-03,
       9.9960127763598017e-01 ]
translation: !!opencv-matrix
   rows: 3
   cols: 1
   dt: d
   data: [ -4.3249887605444758e-02, 1.1471628032685016e-03,
       -4.5723103010196792e-03 ]
essential: !!opencv-matrix
   rows: 3
   cols: 3
   dt: d
   data: [ 7.5608556373597460e-05, 4.5677307090024018e-03,
       1.1628084546704315e-03, -3.3601311410586679e-03,
       -1.2074215440096451e-04, 4.3360739608768822e-02,
       -1.5582229890884235e-03, -4.3236862257690578e-02,
       -1.2018155671624741e-04 ]
fundamental: !!opencv-matrix
   rows: 3
   cols: 3
   dt: d
   data: [ 4.0152115668235265e-08, 2.4386041274292175e-06,
       -2.9495724948581302e-04, -1.7908714813705793e-06,
       -6.4694958455384862e-08, 8.9974197437685515e-03,
       5.1796614979150693e-06, -2.6821043026047407e-02, 1. ]
