%YAML:1.0
---
depthShift: -1.2661291636271610e+01
