%YAML:1.0
---
cameraMatrix: !!opencv-matrix
   rows: 3
   cols: 3
   dt: d
   data: [ 3.6939055034049051e+02, 0., 2.4965311250158589e+02, 0.,
       3.6743663625361421e+02, 2.1038116881887896e+02, 0., 0., 1. ]
distortionCoefficients: !!opencv-matrix
   rows: 1
   cols: 5
   dt: d
   data: [ 1.0494004237964252e-01, -2.9875265802413808e-01,
       2.2514663839449003e-03, -2.7039969220534680e-03,
       1.1695787999899061e-01 ]
rotation: !!opencv-matrix
   rows: 3
   cols: 3
   dt: d
   data: [ 1., 0., 0., 0., 1., 0., 0., 0., 1. ]
projection: !!opencv-matrix
   rows: 4
   cols: 4
   dt: d
   data: [ 3.6939055034049051e+02, 0., 2.4965311250158589e+02, 0., 0.,
       3.6743663625361421e+02, 2.1038116881887896e+02, 0., 0., 0., 1.,
       0., 0., 0., 0., 1. ]
