%YAML:1.0
---
rotation: !!opencv-matrix
   rows: 3
   cols: 3
   dt: d
   data: [ 9.9966129034600670e-01, -1.0534282062724358e-02,
       -2.3797762188489422e-02, 1.0582934477955290e-02,
       9.9994215704538347e-01, 1.9193908567181161e-03,
       2.3776166250937893e-02, -2.1705908984679246e-03,
       9.9971495060019944e-01 ]
translation: !!opencv-matrix
   rows: 3
   cols: 1
   dt: d
   data: [ -4.2169064421637245e-02, -4.9706253103446601e-04,
       3.0696845410056431e-03 ]
essential: !!opencv-matrix
   rows: 3
   cols: 3
   dt: d
   data: [ -4.4304511740442422e-05, -3.0684280619762178e-03,
       -5.0281276809934655e-04, 4.0712634955522480e-03,
       -1.2386871022905139e-04, 4.2083992532433175e-02,
       5.0621725385703695e-05, -4.2171861435262407e-02,
       -9.2767892593614609e-05 ]
fundamental: !!opencv-matrix
   rows: 3
   cols: 3
   dt: d
   data: [ -3.0202576941667835e-08, -2.1025271199260755e-06,
       3.2090160771718469e-04, 2.7843636187407722e-06,
       -8.5150650634801477e-08, 9.9096738485327709e-03,
       -1.3703442720797859e-03, -2.8815235148526630e-02, 1. ]
