%YAML:1.0
---
depthShift: -1.1804320704498771e+01
