%YAML:1.0
---
cameraMatrix: !!opencv-matrix
   rows: 3
   cols: 3
   dt: d
   data: [ 1.0682284285934452e+03, 0., 9.5558185389557923e+02, 0.,
       1.0647887081272170e+03, 5.1576196578928159e+02, 0., 0., 1. ]
distortionCoefficients: !!opencv-matrix
   rows: 1
   cols: 5
   dt: d
   data: [ 6.0959548874867472e-02, -7.2713035673952861e-02,
       1.2273512468044634e-03, 5.1827236834541891e-04,
       2.0675399407374430e-02 ]
rotation: !!opencv-matrix
   rows: 3
   cols: 3
   dt: d
   data: [ 1., 0., 0., 0., 1., 0., 0., 0., 1. ]
projection: !!opencv-matrix
   rows: 4
   cols: 4
   dt: d
   data: [ 1.0682284285934452e+03, 0., 9.5558185389557923e+02, 0., 0.,
       1.0647887081272170e+03, 5.1576196578928159e+02, 0., 0., 0., 1.,
       0., 0., 0., 0., 1. ]
