%YAML:1.0
---
cameraMatrix: !!opencv-matrix
   rows: 3
   cols: 3
   dt: d
   data: [ 3.6793644135224974e+02, 0., 2.5064695308987251e+02, 0.,
       3.6605234024407036e+02, 2.0900984313235779e+02, 0., 0., 1. ]
distortionCoefficients: !!opencv-matrix
   rows: 1
   cols: 5
   dt: d
   data: [ 1.1137233662364020e-01, -3.1901798917793567e-01,
       3.8510715802193390e-04, -8.0523364061536515e-04,
       1.3793149522718956e-01 ]
rotation: !!opencv-matrix
   rows: 3
   cols: 3
   dt: d
   data: [ 1., 0., 0., 0., 1., 0., 0., 0., 1. ]
projection: !!opencv-matrix
   rows: 4
   cols: 4
   dt: d
   data: [ 3.6793644135224974e+02, 0., 2.5064695308987251e+02, 0., 0.,
       3.6605234024407036e+02, 2.0900984313235779e+02, 0., 0., 0., 1.,
       0., 0., 0., 0., 1. ]
